3222222222222222222224
3000000000000000000004
3000000000000000000004
3000000000000000000004
3000000000000000000004
3000000000000000000004
3000000000000000000004
3000000000000000000004
3000000000000000000004
3000000000000000000004
3000000000000000000004
3000000000000000000004
3000000000000000000004
3000000000000000000004
3000000000000000000004
3000000000000000000004
3000000000000000000004
3000000000000000000004
3000000000000000000004
3000000000000000000004
3000000000000000000004
3111111111111111111114